2107.04642
2210.10760
2211.13972
2212.06823
2306.01116
2306.06031
2306.09633
2307.11546
2308.08708
2310.11986
2310.13548
2311.03449
2402.12659
2405.06087
2405.17428
2405.21060
2406.04268
2406.07358
2406.11794
2406.17557
2407.00079
2407.01449
2407.12883
2407.21783
2408.00118
2408.03314
2408.12739
2410.00037
2410.02736
2410.17413
2411.00986
2411.10053
2412.03304
2412.09871
2412.19437
2501.00656
2501.00663
2501.09136
2501.12948
2501.13011
2501.13124
2501.16496
2501.16548
2501.18512
2501.19393
2502.01671
2502.04420
2502.08606
2502.08691
2502.09992
2502.11089
2502.13252
2502.16681
2502.16789
2502.16982
2502.18965
2503.00580
2503.01840
2503.10497
2503.14734
2503.17473
2503.20018
2504.00891
2504.07164
2504.08066
2504.12031
2504.13837
2504.16054
2504.16138
2504.18565
2504.21463
2505.02222
2505.02567
2505.03335
2505.05427
2505.07062
2505.07291
2505.09388
2505.13000
2505.14669
2505.15116
2505.15431
2505.19590
2505.20650
2505.22617
2505.22954
2505.23575
2505.23719
2506.02548
2506.04689
2506.09985
2506.10910
2506.10943
2506.11945
2506.12618
2506.13585
2506.15740
2506.16791
2506.17298
2506.20743
2506.22403
2507.01006
2507.11473
2507.11548
2507.12507
2507.14843
2507.16632
2507.19427
2507.20534
2507.22210
2507.22448
2508.06765
2508.10395
2508.15724
2508.15734
2508.16204
2508.21038
2509.00849
2509.05276
2509.05486
2509.13805
2509.15541
2509.16941
2509.17765
2509.19199
2509.24389
2509.25149
2509.25188
2510.01346
2510.02386
2510.02387
2510.03342
2510.05179
2510.05699
2510.06377
2510.06961
2510.07192
2510.09263
2510.09462
2510.11639
2510.11967
2510.13154
2510.13654
2510.15001
2510.15821
2510.17960
2510.20171
2510.22037
2510.26692
2510.27246
2511.00062
2511.04703
2511.07317
2511.08667
2511.09690
2511.13646
2511.18397
2511.21740
2511.23404
2512.01166
2512.02556
2512.02731
2512.04797
2512.13961
2512.15688
2512.19920
2512.23675
2512.24695
2601.01828
2601.03236
2601.03731
2601.04603
2601.13209
2601.16443
2601.17094
2601.20086
2602.11327
2602.15084
2602.16666
2602.16763
2602.19141
2602.21204
2602.21611
2602.22732
2603.02218
2604.08226
2604.09459
2604.17031
2605.01172
2605.22763
2605.24384
2606.05400
